[200,4,440,357]
[201,9,434,360]
[202,8,417,355]
[203,5,404,318]
[204,11,540,434]
[205,4,489,406]
[206,9,440,366]
[207,2,380,323]
[208,9,531,457]
[209,2,378,321]
[210,2,467,410]
[211,7,467,352]
[212,6,474,375]
[213,7,526,411]
[214,4,456,373]
[215,9,489,415]
[216,10,534,447]
[217,11,470,364]
[218,8,374,312]
[219,6,522,423]
[220,7,435,320]
[221,5,408,322]
[222,10,466,379]
[223,5,440,354]
[224,11,493,387]
[225,3,381,321]
[226,5,399,313]
[227,4,545,462]
[228,1,522,522]
[229,7,532,417]
[230,7,546,431]
[231,8,454,392]
[232,4,492,409]
[233,6,418,319]
[234,2,399,342]
[235,7,444,329]
[236,11,481,375]
[237,6,457,358]
[238,10,458,371]
[239,2,396,339]
[240,5,511,425]
[241,8,524,462]
[242,11,445,339]
[243,8,364,302]
[244,8,478,416]
[245,6,468,369]
[246,11,435,329]
[247,1,427,427]
[248,1,379,379]
[249,9,399,325]
[250,10,465,378]
[251,8,372,310]
[252,7,355,240]
[253,11,512,406]
[254,10,402,315]
[255,1,526,526]
[256,9,550,476]
[257,6,391,292]
[258,3,490,430]
[259,6,527,428]
[260,4,499,416]
[261,7,424,309]
[262,3,508,448]
[263,7,496,381]
[264,1,488,488]
[265,4,480,397]
[266,11,514,408]
[267,4,479,396]
[268,4,455,372]
[269,6,525,426]
[270,5,417,331]
[271,6,523,424]
[272,1,500,500]
[273,4,476,393]
[274,5,515,429]
[275,2,363,306]
[276,8,372,310]
[277,10,415,328]
[278,10,392,305]
[279,2,399,342]
[280,2,436,379]
[281,11,435,329]
[282,10,498,411]
[283,9,546,472]
[284,1,542,542]
[285,1,448,448]
[286,4,384,301]
[287,2,383,326]
[288,9,500,426]
[289,6,502,403]
[290,8,484,422]
[291,7,440,325]
[292,3,413,353]
[293,7,488,373]
[294,1,480,480]
[295,6,438,339]
[296,8,367,305]
[297,10,421,334]
[298,7,489,374]
[299,1,402,402]
[300,1,437,437]
[301,5,427,341]
[302,4,433,350]
[303,7,397,282]
[304,8,515,453]
[305,9,499,425]
[306,5,510,424]
[307,5,358,272]
[308,3,445,385]
[309,11,438,332]
[310,9,438,364]
[311,6,446,347]
[312,11,487,381]
[313,3,461,401]
[314,9,487,413]
[315,5,483,397]
[316,8,502,440]
[317,4,513,430]
[318,2,509,452]
[319,11,427,321]
[320,11,473,367]
[321,10,491,404]
[322,8,414,352]
[323,8,482,420]
[324,3,479,419]
[325,6,469,370]
[326,3,452,392]
[327,7,523,408]
[328,9,403,329]
[329,6,422,323]
[330,6,403,304]
[331,11,423,317]
[332,3,370,310]
[333,2,546,489]
[334,3,481,421]
[335,6,485,386]
[336,9,385,311]
[337,3,499,439]
[338,6,430,331]
[339,11,421,315]
[340,11,503,397]
[341,3,368,308]
[342,10,397,310]
[343,10,528,441]
[344,5,394,308]
[345,8,427,365]
[346,6,475,376]
[347,5,475,389]
[348,3,406,346]
[349,2,421,364]
[350,5,406,320]
[351,9,501,427]
[352,8,420,358]
[353,6,535,436]
[354,3,521,461]
[355,5,494,408]
[356,1,394,394]
[357,9,430,356]
[358,4,385,302]
[359,4,438,355]
[360,11,444,338]
[361,7,540,425]
[362,5,549,463]
[363,2,489,432]
[364,5,491,405]
[365,6,478,379]
[366,3,528,468]
[367,4,550,467]
[368,11,419,313]
[369,9,420,346]
[370,3,492,432]
[371,7,511,396]
[372,1,426,426]
[373,7,473,358]
[374,8,475,413]
[375,3,394,334]
[376,1,462,462]
[377,5,415,329]
[378,4,401,318]
[379,8,406,344]
[380,4,488,405]
[381,3,497,437]
[382,1,465,465]
[383,8,435,373]
[384,11,514,408]
[385,3,399,339]
[386,1,450,450]
