[200,3,479,419]
[201,4,521,438]
[202,1,411,411]
[203,2,362,305]
[204,10,400,313]
[205,2,396,339]
[206,6,540,441]
[207,7,423,308]
[208,11,450,344]
[209,7,399,284]
[210,9,547,473]
[211,2,411,354]
[212,3,510,450]
[213,1,549,549]
[214,9,407,333]
[215,5,546,460]
[216,10,535,448]
[217,10,534,447]
[218,8,453,391]
[219,6,438,339]
[220,7,482,367]
[221,4,464,381]
[222,2,506,449]
[223,7,478,363]
[224,2,498,441]
[225,5,415,329]
[226,3,491,431]
[227,11,474,368]
[228,7,452,337]
[229,7,419,304]
[230,4,430,347]
[231,10,492,405]
[232,4,437,354]
[233,9,512,438]
[234,10,483,396]
[235,8,534,472]
[236,11,391,285]
[237,11,382,276]
[238,7,465,350]
[239,3,527,467]
[240,4,515,432]
[241,5,390,304]
[242,4,391,308]
[243,6,502,403]
[244,8,549,487]
[245,7,509,394]
[246,3,449,389]
[247,7,532,417]
[248,5,409,323]
[249,11,394,288]
[250,2,358,301]
[251,4,448,365]
[252,6,435,336]
[253,7,402,287]
[254,2,436,379]
[255,5,539,453]
[256,2,508,451]
[257,6,425,326]
[258,7,442,327]
[259,10,504,417]
[260,3,468,408]
[261,3,498,438]
[262,7,471,356]
[263,10,363,276]
[264,4,515,432]
[265,7,514,399]
[266,9,393,319]
[267,6,541,442]
[268,11,452,346]
[269,11,546,440]
[270,6,506,407]
[271,8,546,484]
[272,3,526,466]
[273,9,407,333]
[274,9,541,467]
[275,3,371,311]
[276,5,517,431]
[277,6,543,444]
[278,7,379,264]
[279,6,467,368]
[280,1,408,408]
[281,1,455,455]
[282,5,542,456]
[283,7,437,322]
[284,10,543,456]
[285,7,541,426]
[286,6,550,451]
[287,6,504,405]
[288,6,458,359]
[289,2,534,477]
[290,10,475,388]
[291,2,422,365]
[292,11,424,318]
[293,3,411,351]
[294,1,457,457]
[295,1,442,442]
[296,8,547,485]
[297,6,446,347]
[298,4,465,382]
[299,1,503,503]
[300,3,454,394]
[301,6,407,308]
[302,11,483,377]
[303,5,456,370]
[304,4,469,386]
[305,4,440,357]
[306,8,486,424]
[307,6,402,303]
[308,8,424,362]
[309,4,464,381]
[310,9,535,461]
[311,11,477,371]
[312,6,458,359]
[313,7,397,282]
[314,5,496,410]
[315,4,535,452]
[316,9,508,434]
[317,1,378,378]
[318,4,400,317]
[319,7,446,331]
[320,8,372,310]
[321,7,472,357]
[322,7,416,301]
[323,10,519,432]
[324,5,536,450]
[325,2,421,364]
[326,2,375,318]
[327,9,509,435]
[328,8,549,487]
[329,10,488,401]
[330,4,443,360]
[331,6,401,302]
[332,1,413,413]
[333,8,500,438]
[334,11,548,442]
[335,11,418,312]
[336,4,469,386]
[337,7,521,406]
[338,11,403,297]
[339,5,430,344]
[340,8,518,456]
[341,2,519,462]
[342,11,428,322]
[343,8,527,465]
[344,11,495,389]
[345,9,493,419]
[346,9,522,448]
[347,4,416,333]
[348,6,545,446]
[349,1,368,368]
[350,4,421,338]
[351,4,415,332]
[352,11,505,399]
[353,1,484,484]
[354,2,510,453]
[355,4,401,318]
[356,10,402,315]
[357,10,398,311]
[358,6,449,350]
[359,3,466,406]
[360,10,545,458]
[361,5,448,362]
[362,6,422,323]
[363,2,490,433]
[364,11,434,328]
[365,3,388,328]
[366,4,429,346]
[367,5,394,308]
[368,5,412,326]
[369,10,547,460]
[370,1,462,462]
[371,9,493,419]
[372,7,513,398]
[373,7,478,363]
[374,11,411,305]
[375,7,514,399]
[376,6,424,325]
[377,8,382,320]
[378,7,454,339]
[379,6,448,349]
[380,10,457,370]
[381,1,502,502]
[382,3,511,451]
[383,4,515,432]
[384,2,519,462]
[385,6,428,329]
[386,2,443,386]
[387,7,447,332]
[388,6,400,301]
[389,4,496,413]
