[200,9,435,361]
[201,4,516,433]
[202,8,520,458]
[203,3,392,332]
[204,10,420,333]
[205,4,354,271]
[206,11,510,404]
[207,6,529,430]
[208,4,511,428]
[209,7,525,410]
[210,6,515,416]
[211,6,426,327]
[212,10,529,442]
[213,5,526,440]
[214,4,507,424]
[215,7,542,427]
[216,4,482,399]
[217,4,388,305]
[218,2,501,444]
[219,7,506,391]
[220,3,514,454]
[221,7,518,403]
[222,9,493,419]
[223,10,533,446]
[224,1,470,470]
[225,7,466,351]
[226,7,422,307]
[227,5,471,385]
[228,4,420,337]
[229,1,469,469]
[230,2,492,435]
[231,5,426,340]
[232,2,412,355]
[233,4,528,445]
[234,11,491,385]
[235,8,367,305]
[236,10,432,345]
[237,8,437,375]
[238,2,479,422]
[239,11,537,431]
[240,12,514,452]
[241,8,422,360]
[242,10,474,387]
[243,11,506,400]
[244,2,417,360]
[245,6,453,354]
[246,4,504,421]
[247,5,419,333]
[248,6,548,449]
[249,10,504,417]
[250,10,390,303]
[251,4,417,334]
[252,5,461,375]
[253,3,522,462]
[254,12,514,452]
[255,3,403,343]
[256,2,523,466]
[257,3,550,490]
[258,5,471,385]
[259,9,446,372]
[260,4,420,337]
[261,10,499,412]
[262,2,421,364]
[263,10,397,310]
[264,9,386,312]
[265,1,529,529]
[266,9,428,354]
[267,7,530,415]
[268,3,510,450]
[269,10,550,463]
[270,9,444,370]
[271,10,419,332]
[272,7,462,347]
[273,10,521,434]
[274,7,433,318]
[275,1,540,540]
[276,5,537,451]
[277,5,508,422]
[278,10,503,416]
[279,11,523,417]
[280,7,538,423]
[281,7,546,431]
[282,12,522,460]
[283,1,354,354]
[284,9,466,392]
[285,5,404,318]
[286,7,490,375]
[287,7,527,412]
[288,1,483,483]
[289,2,503,446]
[290,7,436,321]
[291,11,448,342]
[292,8,403,341]
[293,5,491,405]
[294,4,435,352]
[295,3,532,472]
[296,8,418,356]
[297,4,383,300]
[298,6,473,374]
[299,10,535,448]
[300,4,487,404]
[301,4,485,402]
[302,12,445,383]
[303,6,454,355]
[304,3,413,353]
[305,12,412,350]
[306,5,468,382]
[307,2,475,418]
[308,11,445,339]
[309,11,421,315]
[310,6,441,342]
[311,3,409,349]
[312,2,489,432]
[313,5,475,389]
[314,7,539,424]
[315,12,391,329]
[316,6,462,363]
[317,2,491,434]
[318,8,416,354]
[319,7,423,308]
[320,6,539,440]
[321,10,468,381]
[322,9,501,427]
[323,12,434,372]
[324,10,483,396]
[325,1,538,538]
[326,3,454,394]
[327,2,435,378]
[328,2,519,462]
[329,4,433,350]
[330,1,368,368]
[331,1,526,526]
[332,9,465,391]
[333,9,488,414]
[334,2,413,356]
[335,1,514,514]
[336,7,530,415]
[337,8,370,308]
[338,11,451,345]
[339,1,479,479]
[340,8,425,363]
[341,2,387,330]
[342,2,523,466]
[343,5,449,363]
[344,6,517,418]
[345,5,467,381]
[346,5,467,381]
[347,3,487,427]
[348,2,394,337]
[349,2,419,362]
[350,7,406,291]
[351,9,374,300]
[352,11,436,330]
[353,12,387,325]
[354,7,450,335]
[355,1,422,422]
[356,4,435,352]
[357,8,502,440]
[358,8,483,421]
[359,10,489,402]
[360,6,444,345]
[361,9,429,355]
